112
850
0,1
0,2
0,3
1,0
1,2
1,9
2,0
2,1
2,3
2,9
3,0
3,2
3,9
4,5
5,4
5,6
6,5
6,7
7,6
8,9
9,1
9,2
9,3
9,8
10,3
11,2
1,14
1,17
1,18
1,19
1,28
12,9
1,41
14,1
14,2
1,45
1,46
1,51
15,7
17,1
17,2
17,5
17,7
17,9
18,1
18,3
1,91
19,1
2,11
21,2
2,14
2,17
21,7
2,21
2,22
22,2
2,23
2,24
2,25
2,26
2,27
2,31
23,2
2,34
2,36
2,41
2,42
24,2
2,45
24,9
2,50
2,51
25,2
2,54
25,9
26,2
2,66
26,9
27,2
2,73
27,5
28,1
2,83
2,93
2,97
2,98
3,10
31,2
3,18
32,5
32,6
3,41
34,2
3,43
3,51
36,2
37,7
3,85
38,7
39,5
39,9
40,9
41,1
41,2
41,3
42,2
42,9
43,3
43,5
45,1
45,2
46,1
4,89
50,2
51,1
51,2
51,3
51,6
5,17
51,7
52,6
5,27
5,32
5,39
54,2
5,43
55,6
59,9
60,9
61,9
62,9
6,32
6,51
6,52
6,55
66,2
70,7
7,15
7,17
7,21
73,2
7,37
7,38
7,51
75,7
7,70
7,75
7,87
83,2
85,3
87,7
89,4
89,9
91,1
9,12
9,17
9,24
9,25
9,26
93,2
9,39
9,40
9,42
9,59
9,60
9,61
9,62
97,2
98,2
9,89
10,11
10,12
102,1
102,2
104,2
10,50
105,2
106,7
1,102
11,10
111,2
11,40
11,63
11,69
11,98
12,10
12,17
12,18
12,43
12,50
12,87
12,88
13,14
13,15
13,16
13,17
13,18
14,13
14,16
14,17
14,25
14,36
14,37
14,59
14,68
14,71
15,13
15,17
15,32
15,38
15,43
15,48
15,75
15,76
15,79
15,88
16,13
16,14
16,68
17,12
17,13
17,14
17,15
17,21
17,22
17,24
17,25
17,26
17,27
17,28
17,31
17,32
17,34
17,35
17,36
17,37
17,38
17,43
17,44
17,50
17,51
17,52
17,54
17,65
17,66
17,67
17,70
17,72
17,77
17,80
17,82
17,83
17,84
17,85
17,86
17,87
17,88
17,89
17,93
17,98
18,12
18,13
18,21
18,29
18,34
18,43
18,44
18,50
18,51
18,53
18,54
18,60
19,20
19,21
19,22
19,23
19,24
19,25
19,26
19,27
20,19
20,43
20,79
20,94
2,102
2,104
2,105
2,111
21,17
21,18
21,19
21,28
21,43
21,48
21,50
21,51
22,17
22,19
22,45
22,94
23,19
23,43
23,47
23,51
23,59
23,69
24,17
24,19
24,36
24,43
24,47
24,49
24,68
24,75
24,76
24,87
25,14
25,17
25,19
25,30
25,41
25,46
25,48
25,51
25,59
25,77
25,88
26,17
26,19
26,43
26,51
26,56
26,68
26,79
26,80
27,17
27,19
27,43
27,52
27,54
27,63
27,68
27,76
27,79
27,80
27,87
27,96
28,17
28,21
28,29
28,30
28,31
28,32
28,33
28,34
28,35
28,44
28,89
28,92
29,18
29,28
29,58
29,74
29,79
30,25
30,28
30,51
30,79
30,84
30,92
31,17
31,28
31,32
31,41
31,43
31,51
31,79
31,86
32,15
32,17
32,28
32,31
32,51
32,52
32,70
33,28
33,76
33,84
34,17
34,18
34,28
34,51
34,54
35,17
35,28
35,48
35,51
35,71
36,14
36,17
36,24
36,43
36,55
36,87
37,14
37,17
37,38
37,47
37,57
37,58
37,59
37,72
38,15
38,17
38,37
38,39
38,40
38,41
38,51
39,38
39,43
40,11
40,38
40,56
41,25
41,31
41,38
41,42
41,43
42,41
42,51
42,56
42,79
42,90
43,12
43,15
43,17
43,18
43,20
43,21
43,23
43,24
43,26
43,27
43,31
43,36
43,39
43,41
43,44
43,48
43,59
43,63
43,66
43,70
43,80
43,81
43,83
43,98
43,99
44,17
44,18
44,28
44,43
44,45
44,50
45,22
45,44
45,52
45,73
46,25
47,23
47,24
47,37
47,48
47,49
48,15
48,21
48,25
48,35
48,43
48,47
48,50
48,76
48,88
49,24
49,47
49,51
49,59
49,68
50,10
50,12
50,17
50,18
50,21
50,44
50,48
50,51
50,52
50,53
50,54
50,78
51,17
51,18
51,21
51,23
51,25
51,26
51,30
51,31
51,32
51,34
51,35
51,38
51,42
51,49
51,50
51,54
51,57
51,59
51,66
51,67
51,68
52,17
52,27
52,32
52,45
52,50
52,56
53,18
53,50
53,54
53,73
53,89
54,17
54,18
54,27
54,34
54,50
54,51
54,53
54,68
54,70
54,72
54,75
54,78
55,36
55,70
56,26
56,40
56,42
56,52
57,37
57,51
57,75
58,29
58,37
59,14
59,23
59,25
59,37
59,43
59,49
59,51
59,65
59,70
59,71
59,72
60,18
60,71
60,76
62,71
63,11
63,27
63,43
63,64
63,65
64,63
65,17
65,59
65,63
65,84
65,87
66,17
66,43
66,51
66,72
66,75
67,17
67,51
67,76
67,87
68,14
68,16
68,24
68,26
68,27
68,49
68,51
68,54
68,70
68,73
68,75
68,84
69,11
69,23
70,17
70,32
70,43
70,54
70,55
70,59
70,68
70,75
70,87
7,106
71,14
71,35
71,59
71,60
71,62
71,73
72,17
72,37
72,54
72,59
72,66
72,80
73,45
73,53
73,68
73,71
73,76
74,29
75,15
75,24
75,54
75,57
75,66
75,68
75,70
75,76
75,77
76,15
76,24
76,27
76,33
76,48
76,60
76,67
76,73
76,75
76,80
76,92
77,17
77,25
77,75
78,50
78,54
78,79
79,15
79,20
79,26
79,27
79,29
79,30
79,31
79,42
79,78
79,81
79,83
80,17
80,26
80,27
80,43
80,72
80,76
80,81
81,43
81,79
81,80
81,94
81,98
82,17
83,17
83,43
83,79
83,87
84,17
84,30
84,33
84,65
84,68
85,17
86,17
86,31
87,12
87,17
87,24
87,27
87,36
87,65
87,67
87,70
87,83
88,12
88,15
88,17
88,25
88,48
89,17
89,28
89,53
89,92
89,99
90,42
92,28
92,30
92,76
92,89
92,95
92,96
93,17
94,20
94,22
94,81
95,92
96,27
96,92
98,11
98,17
98,43
98,81
99,43
99,89
100,32
100,43
101,51
101,60
102,12
102,13
102,17
102,44
102,50
102,53
102,66
102,70
103,17
103,24
103,27
103,31
103,37
103,39
103,65
103,73
104,11
104,12
104,15
104,17
104,24
104,25
104,26
104,31
104,33
104,35
104,38
104,46
104,48
104,50
104,59
104,61
104,81
104,84
105,14
105,23
105,70
105,72
106,51
106,76
106,80
106,88
106,96
107,33
107,34
108,20
108,24
108,31
109,79
110,79
11,104
12,102
12,104
13,102
14,105
15,104
17,102
17,103
17,104
20,108
23,105
24,103
24,104
24,108
25,104
26,104
27,103
31,103
31,104
31,108
32,100
33,104
33,107
34,107
35,104
37,103
38,104
39,103
43,100
44,102
46,104
48,104
50,102
50,104
51,101
51,106
53,102
59,104
60,101
61,104
65,103
66,102
70,102
70,105
72,105
73,103
76,106
79,109
79,110
80,106
81,104
84,104
88,106
96,106
100,110
103,104
104,103
104,105
105,104
105,108
108,105
110,100
