34
156
0,1
0,2
0,3
0,4
0,5
0,6
0,7
0,8
1,0
1,2
1,3
1,7
2,0
2,1
2,3
2,7
2,8
3,0
3,1
3,2
3,7
4,0
4,6
5,0
5,6
6,0
6,4
6,5
7,0
7,1
7,2
7,3
8,0
8,2
9,2
0,10
10,0
0,11
0,12
0,13
10,4
10,5
0,14
0,15
11,0
0,16
12,0
0,17
12,3
13,0
13,1
13,2
13,3
18,5
18,6
14,0
14,1
15,0
15,1
1,13
1,14
1,15
16,0
1,16
16,1
1,19
20,2
21,2
2,9
19,1
2,13
19,8
17,0
2,20
2,21
2,22
22,2
22,8
23,8
3,12
3,13
4,10
5,10
5,18
6,18
8,19
8,22
8,23
9,23
13,23
24,22
24,23
25,22
25,23
26,22
26,23
15,23
27,22
27,23
28,22
28,23
29,30
29,20
29,31
29,22
29,23
32,30
32,20
32,17
30,29
30,32
30,17
33,31
33,23
20,29
20,32
20,23
21,17
21,23
31,29
31,33
31,22
31,23
19,22
19,23
17,32
17,30
17,21
17,22
17,23
22,24
22,25
22,26
22,27
22,28
22,29
22,31
22,19
22,17
22,23
23,9
23,13
23,24
23,25
23,26
23,15
23,27
23,28
23,29
23,33
23,20
23,21
23,31
23,19
23,17
23,22
